11
47
56
60
72
130
137
161
180
184
211
212
235
321
336
356
401
402
427
445
462
533
566
567
608
626
673
729
747
749
782
810
814
841
845
851
853
881
933
979
989
1025
1051
1058
1064
1096
1106
1110
1130
1163
1188
1229
1253
1268
1305
1344
1361
1362
1422
1429
1442
1445
1446
1475
1514
1522
1527
1588
1608
1633
1678
1696
1706
1751
1757
1790
1798
1802
1837
1838
1869
1877
1882
1927
1947
1958
1960
1998
2080
2100
2211
2264
2272
2285
2292
2324
2326
2333
2350
2382
2390
2393
2416
2441
2464
2468
2486
2494
2497
2550
2557
2609
2619
2667
2692
2696
2717
2762
2785
2822
2832
2850
2880
2915
2960
3
30
52
145
227
272
285
320
327
350
430
442
444
456
467
491
532
543
565
596
601
609
615
639
663
670
711
766
779
784
811
831
887
926
955
993
1014
1067
1070
1090
1109
1159
1206
1209
1216
1219
1221
1246
1287
1296
1356
1377
1380
1413
1491
1560
1612
1629
1652
1679
1780
1834
1850
1868
1894
1915
1959
1976
1977
2006
2009
2018
2059
2125
2149
2165
2181
2201
2213
2252
2263
2280
2295
2311
2405
2413
2425
2444
2485
2555
2590
2641
2649
2766
2782
2804
2812
2818
2830
2877
2886
2936
2966
2977
29
34
61
90
127
217
224
262
266
297
324
325
349
352
371
411
463
469
477
496
515
518
539
546
558
628
631
649
650
651
697
714
718
720
541
769
803
817
828
863
870
872
879
885
912
923
928
934
940
1018
1034
1047
1053
1099
1100
1102
1111