10
18
19
27
40
53
59
64
66
69
88
108
133
143
150
151
162
171
186
188
193
194
199
205
225
232
245
250
256
259
267
293
299
304
331
335
344
357
358
366
370
377
380
381
393
406
408
414
418
419
437
439
470
484
510
525
528
540
559
561
568
578
579
589
611
641
647
704
705
717
722
734
741
755
764
768
770
771
798
825
836
846
857
860
878
891
910
937
985
991
1005
1007
1030
1032
1033
1061
1062
1073
1103
1126
1127
1131
1136
1137
1139
1140
1161
1170
1174
1178
1187
1192
1194
1204
1207
1210
1211
1227
1240
1247
1249
1263
1271
1276
1283
1290
1293
1316
1317
1325
1334
1343
1351
1353
1357
1358
1364
1374
1400
1410
1412
1420
1438
1444
1451
1452
1454
1465
1481
1495
1505
1521
1530
1547
1554
1556
1557
1565
1567
1578
1581
1586
1628
1630
1631
1637
1656
1674
1680
1684
1689
1690
1694
1698
1705
1707
1714
1729
1731
1735
1738
1742
1758
1762
1767
1770
1773
1779
1787
1792
1793
1812
1824
1826
1831
1857
1872
1880
1881
1886
1887
1899
1921
1930
1937
1939
1941
1944
1946
1956
1961
1962
1966
1967
1968
1975
1986
1987
1988
1990
2003
2013
2017
2028
2039
2040
2041
2046
2047
2050
2054
2060
2062
2068
2069
2071
2072
2091
2094
2096
2105
2121
2127
2141
2142
2151
2154
2158
2163
2189
2190
2194
2202
2203
2205
2212
2214
2229
2232
2235
2255
2257
2265
2267
2271
2277
2282
2284
2287
2294
2325
2342
2356
2365
2373
2386
2400
2402
2403
2407
2417
2419
2423
2429
2436
2443
2463
2465
2472
2474
2479
2492
2526
2538
2539
2541
2542
2548
2552
2554
2565
2572
2573
2583
2589
2596
2597
2605
2612
2618
2621
2626
2629
2638
2640
2657
2660
2670
2681
2688
2698
2703
2707
2710
2727
2729
2731
2738
2745
2748
2751
2753
2761
2763
2767
2768
2773
2794
2798
2810
2817
2819
2825
2831
2834
2839
2867
2868
2881
2893
2900
2904
2905
2921
2923
2946
2949
2953
2954
2966
2995