6
9
15
20
21
31
33
38
48
56
67
74
77
79
81
92
93
96
102
103
113
116
123
136
165
167
169
173
179
182
187
191
195
196
198
206
210
220
221
228
233
234
235
246
249
253
275
277
280
295
302
303
306
307
310
315
318
319
328
329
336
337
341
345
347
348
350
367
368
369
373
384
385
387
388
399
400
405
415
417
421
426
434
440
441
446
449
452
460
464
466
471
473
485
488
492
499
501
509
514
521
531
538
549
553
554
574
580
582
598
612
616
618
619
645
657
659
662
664
665
666
667
673
674
688
692
694
700
701
708
712
716
723
729
731
748
759
762
767
783
785
788
790
794
796
797
814
815
818
820
866
867
868
877
883
894
902
905
911
916
927
931
932
941
956
958
966
968
970
974
982
984
990
995
1000
1002
1003
1008
1009
1010
1013
1021
1024
1038
1042
1050
1054
1068
1069
1074
1082
1083
1089
1095
1108
1113
1114
1116
1120
1122
1129
1132
1143
1149
1150
1155
1157
1160
1162
1164
1186
1191
1195
1199
1200
1201
1202
1208
1213
1225
1229
1230
1235
1242
1243
1250
1251
1256
1261
1264
1275
1279
1284
1302
1303
1309
1319
1329
1337
1347
1379
1391
1394
1414
1428
1430
1437
1443
1450
1456
1461
1462
1464
1466
1467
1469
1478
1488
1489
1493
1499
1502
1506
1507
1513
1516
1518
1527
1544
1549
1550
1559
1562
1574
1588
1596
1600
1605
1608
1611
1616
1617
1627
1634
1644
1645
1657
1658
1660
1663
1677
1681
1696
1708
1711
1715
1721
1725
1730
1734
1740
1743
1749
1751
1757
1766
1772
1775
1777
1782
1807
1810
1811
1816
1817
1822
1828
1830
1842
1866
1867
1869
1871
1873
1898
1903
1904
1908
1920
1924
1949
1951
1955
1958
1960
1963
1965
1992
1995
1998
1999
2011
2015
2016
2026
2030
2035
2044
2053
2078
2080
2081
2090
2092
2107
2112
2130
2139
2140
2147
2150
2208
2228
2231
2234
2236
2246
2248
2256
2259
2260
2268
2283
2291
2296
2314
2315
2323
2324
2329
2331
2334
2337
2339
2348
2358
2376
2379
2382
2388
2397
2406
2424
2430
2442
2447
2449
2452
2455
2466
2470
2473
2476
2480
2482
2490
2494
2498
2500
2506
2512
2517
2522
2533
2534
2535
2540
2563
2578
2581
2593
2595
2603
2604
2607
2610
2613
2620
2625
2645
2651
2665
2676
2679
2686
2687
2696
2700
2712
2713
2718
2720
2728
2734
2740
2749
2750
2760
2779
2793
2797
2799
2811
2816
2820
2821
2838
2842
2845
2846
2847
2862
2863
2865
2866
2878
2880
2895
2902
2910
2913
2926
2928
2931
2937
2942
2952
2955
2957
2960
2969
2982
2985
2988
2990
3000
159
296
592
655
1012
1035
1040
1308
1496
1594
1595
1639
1771
4
109
148
222
265
282
289
312
316
323
422
504
516
606
685
696
757
799
864
897
915
917
954
1023
1065
1079
1088
1215
1233
1326
1367
1370
1372
1385
1388
1390
1404
1424
1546
1618
1712
1874
1972
2037
2099
2182
2185
2360
2389
2502
2564
2631
2719
2894
2919
2958
2994
1851
1989
2022
2036
2195
2462
2527
2806
2981
2992
14
115
207
340
506
919
978
1045
1182
1304
1375
1389
1543
1601
1633
2021
2089
2254
2301
2487
2576
2891
2945
16
36
50
51
78
101
117
118
125
130
131
135
146
160
174
175
178
197
219
236
237
241
242
269
270
281
298
317
338
351
362
391
401
431
433
445
447
453
457
487
520
542
544
551
564
569
571
576
584
587
590
600
608
617
621
622
627
672
679
691
706
710
711
713
730
745
750
763
765
776
782
786
792
804
808
812
834
838
839
853
876
900
903
944
950
963
969
971
979
980
981
986
999
1001
1046
1048
1057
1058
1060
1066
1096
1101
1110
1118
1138
1141
1142
1166
1169
1176
1188
1222
1253
1268
1269
1274
1292
1301
1305
1306
1323
1333
1341
1342
1349
1352
1354
1355
1387
1402
1403
1408
1417
1422
1445
1459
1474
1475
1479
1483
1484
1486
1487
1512
1520
1538
1561
1576
1589
1597
1598
1610
1614
1619
1643
1665
1668
1670
1699
1720
1727
1739
1745
1748
1769
1778
1796
1798
1799
1800
1801
1820
1821
1835
1838
1846
1848
1852
1854
1858
1877
1885
1890
1902
1906
1919
1936
1940
1957
1964
1974
1978
1979
1980
1985
1991
1996
2001
2007
2019
2048
2052
2065
2066
2073
2085
2098
2100
2113
2120
2134
2136
2157
2159
2167
2171
2174
2184
2187
2198
2207
2211
2216
2217
2218
2223
2224
2240
2243
2247
2249
2250
2258
2262
2270
2281
2306
2310
2312
2327
2333
2336
2343
2345
2349
2350
2352
2353
2357
2374
2375
2377
2378
2387
2396
2401
2416
2420
2426
2435
2451
2468
2477
2493
2507
2509
2528
2532
2543
2547
2549
2550
2551
2556
2567
2575
2580
2588
2594
2609
2615
2624
2633
2637
2643
2652
2654
2662
2678
2685
2697
2708
2716
2733
2739
2742
2746
2757
2758
2759
2764
2769
2770
2772
2780
2784
2789
2802
2805
2815
2823
2824
2826
2829
2832
2850
2858
2861
2864
2882
2887
2899
2903
2909
2922
2924
2933
2934
2939
2947
2964
2967
2980
2993
2999
7
11
54
84
128
132
149
322
448
513
533
562
586
588
599
602
636
637
690
698
724
806
809
816
821
824
852
859
869
871
874
890
953
1015
1133
1165
1168
1203
1236
1346
1398
1490
1510
1603
1802
1981
2137
2369
2491
2600
2636
2648
2650
2658
2674
2705